24275.98708465000163414516
0.07006729343007875310
-0.00002971792468856541
-0.00003096311257888992
0.32347119819343517211
0.69630867609880520153
0.93623504663295942230
0.95550259329591047397
0.29498270153483574507
1.04011752271413926429
0.07010615566441742719
-0.73895561738562998144
0.91298520579521003082
-0.39089644056647010473
0.00000002333804442659
0.00034928826069490512
0.00403753229319979683
0.00037720112548324057
0.01233491940915249462
0.00000000000000000000
0.00000000000000000000
0.00000000000000000000
-0.00000000000253582193
0.00000016348305057061
-0.00004935338866307817
0.00193574575807639896
0.00112036009946536470
0.00000003500706663989
0.00000000000000000000
0.00000000000000000000
0.00000000000000000000
1